(kicad_pcb (version 20171130) (host pcbnew "(5.1.2)-1")

  (general
    (thickness 1.6)
    (drawings 7)
    (tracks 516)
    (zones 0)
    (modules 15)
    (nets 41)
  )

  (page A4)
  (layers
    (0 F.Cu signal)
    (31 B.Cu signal)
    (32 B.Adhes user)
    (33 F.Adhes user)
    (34 B.Paste user)
    (35 F.Paste user)
    (36 B.SilkS user)
    (37 F.SilkS user)
    (38 B.Mask user)
    (39 F.Mask user)
    (40 Dwgs.User user)
    (41 Cmts.User user)
    (42 Eco1.User user)
    (43 Eco2.User user)
    (44 Edge.Cuts user hide)
    (45 Margin user)
    (46 B.CrtYd user)
    (47 F.CrtYd user)
    (48 B.Fab user hide)
    (49 F.Fab user hide)
  )

  (setup
    (last_trace_width 0.2)
    (user_trace_width 0.2)
    (trace_clearance 0.2)
    (zone_clearance 0.2)
    (zone_45_only no)
    (trace_min 0.2)
    (via_size 0.6)
    (via_drill 0.3)
    (via_min_size 0.4)
    (via_min_drill 0.3)
    (user_via 0.7 0.3)
    (uvia_size 0.3)
    (uvia_drill 0.1)
    (uvias_allowed no)
    (uvia_min_size 0.2)
    (uvia_min_drill 0.1)
    (edge_width 0.05)
    (segment_width 0.2)
    (pcb_text_width 0.3)
    (pcb_text_size 1.5 1.5)
    (mod_edge_width 0.12)
    (mod_text_size 1 1)
    (mod_text_width 0.15)
    (pad_size 1.524 1.524)
    (pad_drill 0.762)
    (pad_to_mask_clearance 0.051)
    (solder_mask_min_width 0.25)
    (aux_axis_origin 0 0)
    (visible_elements 7FFFFFFF)
    (pcbplotparams
      (layerselection 0x010fc_ffffffff)
      (usegerberextensions false)
      (usegerberattributes false)
      (usegerberadvancedattributes false)
      (creategerberjobfile false)
      (excludeedgelayer true)
      (linewidth 0.100000)
      (plotframeref false)
      (viasonmask false)
      (mode 1)
      (useauxorigin false)
      (hpglpennumber 1)
      (hpglpenspeed 20)
      (hpglpendiameter 15.000000)
      (psnegative false)
      (psa4output false)
      (plotreference true)
      (plotvalue true)
      (plotinvisibletext false)
      (padsonsilk false)
      (subtractmaskfromsilk false)
      (outputformat 1)
      (mirror false)
      (drillshape 1)
      (scaleselection 1)
      (outputdirectory ""))
  )

  (net 0 "")
  (net 1 GND)
  (net 2 "Net-(BT1-Pad1)")
  (net 3 +3V3)
  (net 4 "Net-(D1-Pad2)")
  (net 5 TX)
  (net 6 NCS)
  (net 7 NRES)
  (net 8 BOOT)
  (net 9 +5V)
  (net 10 "Net-(R3-Pad2)")
  (net 11 "Net-(U2-Pad7)")
  (net 12 "Net-(U2-Pad8)")
  (net 13 "Net-(U2-Pad9)")
  (net 14 "Net-(U2-Pad10)")
  (net 15 "Net-(U2-Pad11)")
  (net 16 "Net-(U2-Pad12)")
  (net 17 "Net-(U2-Pad13)")
  (net 18 "Net-(U2-Pad14)")
  (net 19 "Net-(U2-Pad15)")
  (net 20 "Net-(U2-Pad16)")
  (net 21 /A0)
  (net 22 /A1)
  (net 23 /A2)
  (net 24 /A3)
  (net 25 NRD)
  (net 26 NWR)
  (net 27 "Net-(U2-Pad26)")
  (net 28 /D0)
  (net 29 /D1)
  (net 30 /D2)
  (net 31 /D3)
  (net 32 "Net-(U2-Pad32)")
  (net 33 "Net-(U3-Pad1)")
  (net 34 "Net-(U3-Pad3)")
  (net 35 "Net-(U3-Pad15)")
  (net 36 "Net-(U4-Pad15)")
  (net 37 "Net-(U4-Pad3)")
  (net 38 "Net-(U4-Pad1)")
  (net 39 OSC_P)
  (net 40 OSC_N)

  (net_class Default "This is the default net class."
    (clearance 0.2)
    (trace_width 0.2)
    (via_dia 0.6)
    (via_drill 0.3)
    (uvia_dia 0.3)
    (uvia_drill 0.1)
    (add_net +3V3)
    (add_net +5V)
    (add_net /A0)
    (add_net /A1)
    (add_net /A2)
    (add_net /A3)
    (add_net /D0)
    (add_net /D1)
    (add_net /D2)
    (add_net /D3)
    (add_net BOOT)
    (add_net GND)
    (add_net NCS)
    (add_net NRD)
    (add_net NRES)
    (add_net NWR)
    (add_net "Net-(BT1-Pad1)")
    (add_net "Net-(D1-Pad2)")
    (add_net "Net-(R3-Pad2)")
    (add_net "Net-(U2-Pad10)")
    (add_net "Net-(U2-Pad11)")
    (add_net "Net-(U2-Pad12)")
    (add_net "Net-(U2-Pad13)")
    (add_net "Net-(U2-Pad14)")
    (add_net "Net-(U2-Pad15)")
    (add_net "Net-(U2-Pad16)")
    (add_net "Net-(U2-Pad26)")
    (add_net "Net-(U2-Pad32)")
    (add_net "Net-(U2-Pad7)")
    (add_net "Net-(U2-Pad8)")
    (add_net "Net-(U2-Pad9)")
    (add_net "Net-(U3-Pad1)")
    (add_net "Net-(U3-Pad15)")
    (add_net "Net-(U3-Pad3)")
    (add_net "Net-(U4-Pad1)")
    (add_net "Net-(U4-Pad15)")
    (add_net "Net-(U4-Pad3)")
    (add_net OSC_N)
    (add_net OSC_P)
    (add_net TX)
  )

  (module stm_rtc:BatteryHolder_Keystone_106_1x20mm (layer F.Cu) (tedit 5CD0A3E1) (tstamp 5CD142E9)
    (at 136.906 60.325 270)
    (descr http://www.keyelco.com/product-pdf.cfm?p=720)
    (tags "Keystone type 106 battery holder")
    (path /5CDB73A4)
    (fp_text reference BT1 (at 0 -2.286 90) (layer F.SilkS)
      (effects (font (size 1 1) (thickness 0.15)))
    )
    (fp_text value Battery_Cell (at 15 15 90) (layer F.Fab)
      (effects (font (size 1 1) (thickness 0.15)))
    )
    (fp_line (start 23.299351 3.3) (end 23.299351 -11.727089) (layer F.CrtYd) (width 0.05))
    (fp_line (start 22.939674 3.05) (end 22.939674 -11.665777) (layer F.SilkS) (width 0.12))
    (fp_line (start 22.669526 2.9) (end 22.669526 -11.662598) (layer F.Fab) (width 0.1))
    (fp_arc (start -1.5 -2.5) (end -1.9 -2.5) (angle 90) (layer F.Fab) (width 0.1))
    (fp_arc (start -1.5 2.5) (end -2.3 2.5) (angle -90) (layer F.CrtYd) (width 0.05))
    (fp_line (start 0 -1.3) (end 0 1.3) (layer F.Fab) (width 0.1))
    (fp_arc (start 16.2 0) (end 16.2 -1.3) (angle 180) (layer F.Fab) (width 0.1))
    (fp_arc (start 0.95 -3.8) (end 0.95 -3.3) (angle -70) (layer F.CrtYd) (width 0.05))
    (fp_line (start 16.2 -1.3) (end 0 -1.3) (layer F.Fab) (width 0.1))
    (fp_line (start 0 1.3) (end 16.2 1.3) (layer F.Fab) (width 0.1))
    (fp_line (start -1.9 -2.5) (end -1.9 2.5) (layer F.Fab) (width 0.1))
    (fp_line (start -1.5 3.3) (end 23.299351 3.3) (layer F.CrtYd) (width 0.05))
    (fp_line (start 0.95 -3.3) (end -1.5 -3.3) (layer F.CrtYd) (width 0.05))
    (fp_arc (start 15.2 0) (end 5.18 -1.3) (angle 130) (layer F.Fab) (width 0.1))
    (fp_arc (start 15.2 0) (end 9 -1.3) (angle 195) (layer F.Fab) (width 0.1))
    (fp_arc (start 15.2 0) (end 13.3 -1.3) (angle 150) (layer F.Fab) (width 0.1))
    (fp_arc (start 15.2 0) (end 13.3 1.3) (angle -150) (layer F.Fab) (width 0.1))
    (fp_arc (start 15.2 0) (end 1.41 -3.6) (angle 110) (layer F.CrtYd) (width 0.05))
    (fp_line (start -2.3 -2.5) (end -2.3 2.5) (layer F.CrtYd) (width 0.05))
    (fp_arc (start -1.5 -2.5) (end -2.3 -2.5) (angle 90) (layer F.CrtYd) (width 0.05))
    (fp_arc (start -1.5 2.5) (end -1.9 2.5) (angle -90) (layer F.Fab) (width 0.1))
    (fp_line (start -1.5 2.9) (end 22.669526 2.9) (layer F.Fab) (width 0.1))
    (fp_line (start 0.95 -2.9) (end -1.5 -2.9) (layer F.Fab) (width 0.1))
    (fp_line (start -2.05 -2.5) (end -2.05 2.5) (layer F.SilkS) (width 0.12))
    (fp_arc (start -1.5 2.5) (end -2.05 2.5) (angle -90) (layer F.SilkS) (width 0.12))
    (fp_arc (start -1.5 -2.5) (end -2.05 -2.5) (angle 90) (layer F.SilkS) (width 0.12))
    (fp_line (start -1.5 3.05) (end 22.939674 3.05) (layer F.SilkS) (width 0.12))
    (fp_line (start 0.95 -3.05) (end -1.5 -3.05) (layer F.SilkS) (width 0.12))
    (fp_arc (start 0.95 -3.8) (end 0.95 -2.9) (angle -70) (layer F.Fab) (width 0.1))
    (fp_arc (start 0.95 -3.8) (end 0.95 -3.05) (angle -70) (layer F.SilkS) (width 0.12))
    (fp_arc (start 15.2 0) (end 1.8 -3.5) (angle 108) (layer F.Fab) (width 0.1))
    (fp_arc (start 15.2 0) (end 1.65 -3.52) (angle 109) (layer F.SilkS) (width 0.12))
    (fp_text user %R (at 0 0 90) (layer F.Fab)
      (effects (font (size 1 1) (thickness 0.15)))
    )
    (fp_text user + (at 2.75 0 90) (layer F.SilkS)
      (effects (font (size 1.5 1.5) (thickness 0.15)))
    )
    (pad 1 thru_hole rect (at 0 0 270) (size 3 3) (drill 1.5) (layers *.Cu *.Mask)
      (net 2 "Net-(BT1-Pad1)"))
    (pad 2 thru_hole circle (at 20.49 0 270) (size 3 3) (drill 1.5) (layers *.Cu *.Mask)
      (net 1 GND))
    (model ${KISYS3DMOD}/Battery.3dshapes/BatteryHolder_Keystone_106_1x20mm.wrl
      (at (xyz 0 0 0))
      (scale (xyz 1 1 1))
      (rotate (xyz 0 0 0))
    )
  )

  (module Capacitor_SMD:C_0805_2012Metric_Pad1.15x1.40mm_HandSolder (layer B.Cu) (tedit 5B36C52B) (tstamp 5CCFDCC1)
    (at 148.844 78.486 270)
    (descr "Capacitor SMD 0805 (2012 Metric), square (rectangular) end terminal, IPC_7351 nominal with elongated pad for handsoldering. (Body size source: https://docs.google.com/spreadsheets/d/1BsfQQcO9C6DZCsRaXUlFlo91Tg2WpOkGARC1WS5S8t0/edit?usp=sharing), generated with kicad-footprint-generator")
    (tags "capacitor handsolder")
    (path /5CCDF8E3)
    (attr smd)
    (fp_text reference C1 (at 0.762 -1.905) (layer B.SilkS)
      (effects (font (size 1 1) (thickness 0.15)) (justify mirror))
    )
    (fp_text value 100nF (at 0 -1.65 270) (layer B.Fab)
      (effects (font (size 1 1) (thickness 0.15)) (justify mirror))
    )
    (fp_line (start -1 -0.6) (end -1 0.6) (layer B.Fab) (width 0.1))
    (fp_line (start -1 0.6) (end 1 0.6) (layer B.Fab) (width 0.1))
    (fp_line (start 1 0.6) (end 1 -0.6) (layer B.Fab) (width 0.1))
    (fp_line (start 1 -0.6) (end -1 -0.6) (layer B.Fab) (width 0.1))
    (fp_line (start -0.261252 0.71) (end 0.261252 0.71) (layer B.SilkS) (width 0.12))
    (fp_line (start -0.261252 -0.71) (end 0.261252 -0.71) (layer B.SilkS) (width 0.12))
    (fp_line (start -1.85 -0.95) (end -1.85 0.95) (layer B.CrtYd) (width 0.05))
    (fp_line (start -1.85 0.95) (end 1.85 0.95) (layer B.CrtYd) (width 0.05))
    (fp_line (start 1.85 0.95) (end 1.85 -0.95) (layer B.CrtYd) (width 0.05))
    (fp_line (start 1.85 -0.95) (end -1.85 -0.95) (layer B.CrtYd) (width 0.05))
    (fp_text user %R (at 0 0 270) (layer B.Fab)
      (effects (font (size 0.5 0.5) (thickness 0.08)) (justify mirror))
    )
    (pad 1 smd roundrect (at -1.025 0 270) (size 1.15 1.4) (layers B.Cu B.Paste B.Mask) (roundrect_rratio 0.217391)
      (net 3 +3V3))
    (pad 2 smd roundrect (at 1.025 0 270) (size 1.15 1.4) (layers B.Cu B.Paste B.Mask) (roundrect_rratio 0.217391)
      (net 1 GND))
    (model ${KISYS3DMOD}/Capacitor_SMD.3dshapes/C_0805_2012Metric.wrl
      (at (xyz 0 0 0))
      (scale (xyz 1 1 1))
      (rotate (xyz 0 0 0))
    )
  )

  (module Capacitor_SMD:C_0805_2012Metric_Pad1.15x1.40mm_HandSolder (layer B.Cu) (tedit 5B36C52B) (tstamp 5CCFCB71)
    (at 136.652 69.215 180)
    (descr "Capacitor SMD 0805 (2012 Metric), square (rectangular) end terminal, IPC_7351 nominal with elongated pad for handsoldering. (Body size source: https://docs.google.com/spreadsheets/d/1BsfQQcO9C6DZCsRaXUlFlo91Tg2WpOkGARC1WS5S8t0/edit?usp=sharing), generated with kicad-footprint-generator")
    (tags "capacitor handsolder")
    (path /5CCE1104)
    (attr smd)
    (fp_text reference C2 (at -2.921 0.127) (layer B.SilkS)
      (effects (font (size 1 1) (thickness 0.15)) (justify mirror))
    )
    (fp_text value 4.7uF (at 0 -1.65) (layer B.Fab)
      (effects (font (size 1 1) (thickness 0.15)) (justify mirror))
    )
    (fp_text user %R (at 0 0) (layer B.Fab)
      (effects (font (size 0.5 0.5) (thickness 0.08)) (justify mirror))
    )
    (fp_line (start 1.85 -0.95) (end -1.85 -0.95) (layer B.CrtYd) (width 0.05))
    (fp_line (start 1.85 0.95) (end 1.85 -0.95) (layer B.CrtYd) (width 0.05))
    (fp_line (start -1.85 0.95) (end 1.85 0.95) (layer B.CrtYd) (width 0.05))
    (fp_line (start -1.85 -0.95) (end -1.85 0.95) (layer B.CrtYd) (width 0.05))
    (fp_line (start -0.261252 -0.71) (end 0.261252 -0.71) (layer B.SilkS) (width 0.12))
    (fp_line (start -0.261252 0.71) (end 0.261252 0.71) (layer B.SilkS) (width 0.12))
    (fp_line (start 1 -0.6) (end -1 -0.6) (layer B.Fab) (width 0.1))
    (fp_line (start 1 0.6) (end 1 -0.6) (layer B.Fab) (width 0.1))
    (fp_line (start -1 0.6) (end 1 0.6) (layer B.Fab) (width 0.1))
    (fp_line (start -1 -0.6) (end -1 0.6) (layer B.Fab) (width 0.1))
    (pad 2 smd roundrect (at 1.025 0 180) (size 1.15 1.4) (layers B.Cu B.Paste B.Mask) (roundrect_rratio 0.217391)
      (net 1 GND))
    (pad 1 smd roundrect (at -1.025 0 180) (size 1.15 1.4) (layers B.Cu B.Paste B.Mask) (roundrect_rratio 0.217391)
      (net 3 +3V3))
    (model ${KISYS3DMOD}/Capacitor_SMD.3dshapes/C_0805_2012Metric.wrl
      (at (xyz 0 0 0))
      (scale (xyz 1 1 1))
      (rotate (xyz 0 0 0))
    )
  )

  (module Capacitor_SMD:C_0805_2012Metric_Pad1.15x1.40mm_HandSolder (layer B.Cu) (tedit 5B36C52B) (tstamp 5CD0A2CE)
    (at 136.652 71.501 180)
    (descr "Capacitor SMD 0805 (2012 Metric), square (rectangular) end terminal, IPC_7351 nominal with elongated pad for handsoldering. (Body size source: https://docs.google.com/spreadsheets/d/1BsfQQcO9C6DZCsRaXUlFlo91Tg2WpOkGARC1WS5S8t0/edit?usp=sharing), generated with kicad-footprint-generator")
    (tags "capacitor handsolder")
    (path /5CCE071B)
    (attr smd)
    (fp_text reference C3 (at -2.921 -0.127 180) (layer B.SilkS)
      (effects (font (size 1 1) (thickness 0.15)) (justify mirror))
    )
    (fp_text value 100nF (at 0 -1.65 180) (layer B.Fab)
      (effects (font (size 1 1) (thickness 0.15)) (justify mirror))
    )
    (fp_text user %R (at 0 0 180) (layer B.Fab)
      (effects (font (size 0.5 0.5) (thickness 0.08)) (justify mirror))
    )
    (fp_line (start 1.85 -0.95) (end -1.85 -0.95) (layer B.CrtYd) (width 0.05))
    (fp_line (start 1.85 0.95) (end 1.85 -0.95) (layer B.CrtYd) (width 0.05))
    (fp_line (start -1.85 0.95) (end 1.85 0.95) (layer B.CrtYd) (width 0.05))
    (fp_line (start -1.85 -0.95) (end -1.85 0.95) (layer B.CrtYd) (width 0.05))
    (fp_line (start -0.261252 -0.71) (end 0.261252 -0.71) (layer B.SilkS) (width 0.12))
    (fp_line (start -0.261252 0.71) (end 0.261252 0.71) (layer B.SilkS) (width 0.12))
    (fp_line (start 1 -0.6) (end -1 -0.6) (layer B.Fab) (width 0.1))
    (fp_line (start 1 0.6) (end 1 -0.6) (layer B.Fab) (width 0.1))
    (fp_line (start -1 0.6) (end 1 0.6) (layer B.Fab) (width 0.1))
    (fp_line (start -1 -0.6) (end -1 0.6) (layer B.Fab) (width 0.1))
    (pad 2 smd roundrect (at 1.025 0 180) (size 1.15 1.4) (layers B.Cu B.Paste B.Mask) (roundrect_rratio 0.217391)
      (net 1 GND))
    (pad 1 smd roundrect (at -1.025 0 180) (size 1.15 1.4) (layers B.Cu B.Paste B.Mask) (roundrect_rratio 0.217391)
      (net 3 +3V3))
    (model ${KISYS3DMOD}/Capacitor_SMD.3dshapes/C_0805_2012Metric.wrl
      (at (xyz 0 0 0))
      (scale (xyz 1 1 1))
      (rotate (xyz 0 0 0))
    )
  )

  (module Capacitor_SMD:C_0805_2012Metric_Pad1.15x1.40mm_HandSolder (layer B.Cu) (tedit 5B36C52B) (tstamp 5CD0B3C9)
    (at 141.605 81.28 180)
    (descr "Capacitor SMD 0805 (2012 Metric), square (rectangular) end terminal, IPC_7351 nominal with elongated pad for handsoldering. (Body size source: https://docs.google.com/spreadsheets/d/1BsfQQcO9C6DZCsRaXUlFlo91Tg2WpOkGARC1WS5S8t0/edit?usp=sharing), generated with kicad-footprint-generator")
    (tags "capacitor handsolder")
    (path /5CCE0BAC)
    (attr smd)
    (fp_text reference C4 (at -2.921 0 180) (layer B.SilkS)
      (effects (font (size 1 1) (thickness 0.15)) (justify mirror))
    )
    (fp_text value 100nF (at 0 -1.65 180) (layer B.Fab)
      (effects (font (size 1 1) (thickness 0.15)) (justify mirror))
    )
    (fp_line (start -1 -0.6) (end -1 0.6) (layer B.Fab) (width 0.1))
    (fp_line (start -1 0.6) (end 1 0.6) (layer B.Fab) (width 0.1))
    (fp_line (start 1 0.6) (end 1 -0.6) (layer B.Fab) (width 0.1))
    (fp_line (start 1 -0.6) (end -1 -0.6) (layer B.Fab) (width 0.1))
    (fp_line (start -0.261252 0.71) (end 0.261252 0.71) (layer B.SilkS) (width 0.12))
    (fp_line (start -0.261252 -0.71) (end 0.261252 -0.71) (layer B.SilkS) (width 0.12))
    (fp_line (start -1.85 -0.95) (end -1.85 0.95) (layer B.CrtYd) (width 0.05))
    (fp_line (start -1.85 0.95) (end 1.85 0.95) (layer B.CrtYd) (width 0.05))
    (fp_line (start 1.85 0.95) (end 1.85 -0.95) (layer B.CrtYd) (width 0.05))
    (fp_line (start 1.85 -0.95) (end -1.85 -0.95) (layer B.CrtYd) (width 0.05))
    (fp_text user %R (at 0 0 180) (layer B.Fab)
      (effects (font (size 0.5 0.5) (thickness 0.08)) (justify mirror))
    )
    (pad 1 smd roundrect (at -1.025 0 180) (size 1.15 1.4) (layers B.Cu B.Paste B.Mask) (roundrect_rratio 0.217391)
      (net 3 +3V3))
    (pad 2 smd roundrect (at 1.025 0 180) (size 1.15 1.4) (layers B.Cu B.Paste B.Mask) (roundrect_rratio 0.217391)
      (net 1 GND))
    (model ${KISYS3DMOD}/Capacitor_SMD.3dshapes/C_0805_2012Metric.wrl
      (at (xyz 0 0 0))
      (scale (xyz 1 1 1))
      (rotate (xyz 0 0 0))
    )
  )

  (module Package_TO_SOT_SMD:SOT-23 (layer B.Cu) (tedit 5A02FF57) (tstamp 5CD0B779)
    (at 136.779 65.659)
    (descr "SOT-23, Standard")
    (tags SOT-23)
    (path /5CDA5E7D)
    (attr smd)
    (fp_text reference D1 (at -0.889 -2.54 180) (layer B.SilkS)
      (effects (font (size 1 1) (thickness 0.15)) (justify mirror))
    )
    (fp_text value BAR42FILM (at 0 -2.5 180) (layer B.Fab)
      (effects (font (size 1 1) (thickness 0.15)) (justify mirror))
    )
    (fp_text user %R (at 0 0 90) (layer B.Fab)
      (effects (font (size 0.5 0.5) (thickness 0.075)) (justify mirror))
    )
    (fp_line (start -0.7 0.95) (end -0.7 -1.5) (layer B.Fab) (width 0.1))
    (fp_line (start -0.15 1.52) (end 0.7 1.52) (layer B.Fab) (width 0.1))
    (fp_line (start -0.7 0.95) (end -0.15 1.52) (layer B.Fab) (width 0.1))
    (fp_line (start 0.7 1.52) (end 0.7 -1.52) (layer B.Fab) (width 0.1))
    (fp_line (start -0.7 -1.52) (end 0.7 -1.52) (layer B.Fab) (width 0.1))
    (fp_line (start 0.76 -1.58) (end 0.76 -0.65) (layer B.SilkS) (width 0.12))
    (fp_line (start 0.76 1.58) (end 0.76 0.65) (layer B.SilkS) (width 0.12))
    (fp_line (start -1.7 1.75) (end 1.7 1.75) (layer B.CrtYd) (width 0.05))
    (fp_line (start 1.7 1.75) (end 1.7 -1.75) (layer B.CrtYd) (width 0.05))
    (fp_line (start 1.7 -1.75) (end -1.7 -1.75) (layer B.CrtYd) (width 0.05))
    (fp_line (start -1.7 -1.75) (end -1.7 1.75) (layer B.CrtYd) (width 0.05))
    (fp_line (start 0.76 1.58) (end -1.4 1.58) (layer B.SilkS) (width 0.12))
    (fp_line (start 0.76 -1.58) (end -0.7 -1.58) (layer B.SilkS) (width 0.12))
    (pad 1 smd rect (at -1 0.95) (size 0.9 0.8) (layers B.Cu B.Paste B.Mask)
      (net 2 "Net-(BT1-Pad1)"))
    (pad 2 smd rect (at -1 -0.95) (size 0.9 0.8) (layers B.Cu B.Paste B.Mask)
      (net 4 "Net-(D1-Pad2)"))
    (pad 3 smd rect (at 1 0) (size 0.9 0.8) (layers B.Cu B.Paste B.Mask)
      (net 3 +3V3))
    (model ${KISYS3DMOD}/Package_TO_SOT_SMD.3dshapes/SOT-23.wrl
      (at (xyz 0 0 0))
      (scale (xyz 1 1 1))
      (rotate (xyz 0 0 0))
    )
  )

  (module Connector_PinHeader_2.54mm:PinHeader_1x06_P2.54mm_Vertical (layer F.Cu) (tedit 59FED5CC) (tstamp 5CD12A2D)
    (at 136.652 56.134 90)
    (descr "Through hole straight pin header, 1x06, 2.54mm pitch, single row")
    (tags "Through hole pin header THT 1x06 2.54mm single row")
    (path /5CCF6EC1)
    (fp_text reference J1 (at 0 -2.33 90) (layer F.SilkS)
      (effects (font (size 1 1) (thickness 0.15)))
    )
    (fp_text value program_connector (at 0 15.03 90) (layer F.Fab)
      (effects (font (size 1 1) (thickness 0.15)))
    )
    (fp_line (start -0.635 -1.27) (end 1.27 -1.27) (layer F.Fab) (width 0.1))
    (fp_line (start 1.27 -1.27) (end 1.27 13.97) (layer F.Fab) (width 0.1))
    (fp_line (start 1.27 13.97) (end -1.27 13.97) (layer F.Fab) (width 0.1))
    (fp_line (start -1.27 13.97) (end -1.27 -0.635) (layer F.Fab) (width 0.1))
    (fp_line (start -1.27 -0.635) (end -0.635 -1.27) (layer F.Fab) (width 0.1))
    (fp_line (start -1.33 14.03) (end 1.33 14.03) (layer F.SilkS) (width 0.12))
    (fp_line (start -1.33 1.27) (end -1.33 14.03) (layer F.SilkS) (width 0.12))
    (fp_line (start 1.33 1.27) (end 1.33 14.03) (layer F.SilkS) (width 0.12))
    (fp_line (start -1.33 1.27) (end 1.33 1.27) (layer F.SilkS) (width 0.12))
    (fp_line (start -1.33 0) (end -1.33 -1.33) (layer F.SilkS) (width 0.12))
    (fp_line (start -1.33 -1.33) (end 0 -1.33) (layer F.SilkS) (width 0.12))
    (fp_line (start -1.8 -1.8) (end -1.8 14.5) (layer F.CrtYd) (width 0.05))
    (fp_line (start -1.8 14.5) (end 1.8 14.5) (layer F.CrtYd) (width 0.05))
    (fp_line (start 1.8 14.5) (end 1.8 -1.8) (layer F.CrtYd) (width 0.05))
    (fp_line (start 1.8 -1.8) (end -1.8 -1.8) (layer F.CrtYd) (width 0.05))
    (fp_text user %R (at 0 6.35) (layer F.Fab)
      (effects (font (size 1 1) (thickness 0.15)))
    )
    (pad 1 thru_hole rect (at 0 0 90) (size 1.7 1.7) (drill 1) (layers *.Cu *.Mask)
      (net 3 +3V3))
    (pad 2 thru_hole oval (at 0 2.54 90) (size 1.7 1.7) (drill 1) (layers *.Cu *.Mask)
      (net 1 GND))
    (pad 3 thru_hole oval (at 0 5.08 90) (size 1.7 1.7) (drill 1) (layers *.Cu *.Mask)
      (net 5 TX))
    (pad 4 thru_hole oval (at 0 7.62 90) (size 1.7 1.7) (drill 1) (layers *.Cu *.Mask)
      (net 6 NCS))
    (pad 5 thru_hole oval (at 0 10.16 90) (size 1.7 1.7) (drill 1) (layers *.Cu *.Mask)
      (net 7 NRES))
    (pad 6 thru_hole oval (at 0 12.7 90) (size 1.7 1.7) (drill 1) (layers *.Cu *.Mask)
      (net 8 BOOT))
    (model ${KISYS3DMOD}/Connector_PinHeader_2.54mm.3dshapes/PinHeader_1x06_P2.54mm_Horizontal.wrl
      (at (xyz 0 0 0))
      (scale (xyz 1 1 1))
      (rotate (xyz 0 0 0))
    )
  )

  (module Resistor_SMD:R_0805_2012Metric_Pad1.15x1.40mm_HandSolder (layer B.Cu) (tedit 5B36C52B) (tstamp 5CD137C3)
    (at 142.875 59.309)
    (descr "Resistor SMD 0805 (2012 Metric), square (rectangular) end terminal, IPC_7351 nominal with elongated pad for handsoldering. (Body size source: https://docs.google.com/spreadsheets/d/1BsfQQcO9C6DZCsRaXUlFlo91Tg2WpOkGARC1WS5S8t0/edit?usp=sharing), generated with kicad-footprint-generator")
    (tags "resistor handsolder")
    (path /5CD65583)
    (attr smd)
    (fp_text reference R1 (at -0.127 1.651) (layer B.SilkS)
      (effects (font (size 1 1) (thickness 0.15)) (justify mirror))
    )
    (fp_text value 10k (at 0 -1.65) (layer B.Fab)
      (effects (font (size 1 1) (thickness 0.15)) (justify mirror))
    )
    (fp_line (start -1 -0.6) (end -1 0.6) (layer B.Fab) (width 0.1))
    (fp_line (start -1 0.6) (end 1 0.6) (layer B.Fab) (width 0.1))
    (fp_line (start 1 0.6) (end 1 -0.6) (layer B.Fab) (width 0.1))
    (fp_line (start 1 -0.6) (end -1 -0.6) (layer B.Fab) (width 0.1))
    (fp_line (start -0.261252 0.71) (end 0.261252 0.71) (layer B.SilkS) (width 0.12))
    (fp_line (start -0.261252 -0.71) (end 0.261252 -0.71) (layer B.SilkS) (width 0.12))
    (fp_line (start -1.85 -0.95) (end -1.85 0.95) (layer B.CrtYd) (width 0.05))
    (fp_line (start -1.85 0.95) (end 1.85 0.95) (layer B.CrtYd) (width 0.05))
    (fp_line (start 1.85 0.95) (end 1.85 -0.95) (layer B.CrtYd) (width 0.05))
    (fp_line (start 1.85 -0.95) (end -1.85 -0.95) (layer B.CrtYd) (width 0.05))
    (fp_text user %R (at 0 0) (layer B.Fab)
      (effects (font (size 0.5 0.5) (thickness 0.08)) (justify mirror))
    )
    (pad 1 smd roundrect (at -1.025 0) (size 1.15 1.4) (layers B.Cu B.Paste B.Mask) (roundrect_rratio 0.217391)
      (net 3 +3V3))
    (pad 2 smd roundrect (at 1.025 0) (size 1.15 1.4) (layers B.Cu B.Paste B.Mask) (roundrect_rratio 0.217391)
      (net 7 NRES))
    (model ${KISYS3DMOD}/Resistor_SMD.3dshapes/R_0805_2012Metric.wrl
      (at (xyz 0 0 0))
      (scale (xyz 1 1 1))
      (rotate (xyz 0 0 0))
    )
  )

  (module Resistor_SMD:R_0805_2012Metric_Pad1.15x1.40mm_HandSolder (layer B.Cu) (tedit 5B36C52B) (tstamp 5CD07C7B)
    (at 147.955 59.309)
    (descr "Resistor SMD 0805 (2012 Metric), square (rectangular) end terminal, IPC_7351 nominal with elongated pad for handsoldering. (Body size source: https://docs.google.com/spreadsheets/d/1BsfQQcO9C6DZCsRaXUlFlo91Tg2WpOkGARC1WS5S8t0/edit?usp=sharing), generated with kicad-footprint-generator")
    (tags "resistor handsolder")
    (path /5CD73AEA)
    (attr smd)
    (fp_text reference R2 (at 0 1.651) (layer B.SilkS)
      (effects (font (size 1 1) (thickness 0.15)) (justify mirror))
    )
    (fp_text value 10k (at 0 -1.65) (layer B.Fab)
      (effects (font (size 1 1) (thickness 0.15)) (justify mirror))
    )
    (fp_text user %R (at 0 0) (layer B.Fab)
      (effects (font (size 0.5 0.5) (thickness 0.08)) (justify mirror))
    )
    (fp_line (start 1.85 -0.95) (end -1.85 -0.95) (layer B.CrtYd) (width 0.05))
    (fp_line (start 1.85 0.95) (end 1.85 -0.95) (layer B.CrtYd) (width 0.05))
    (fp_line (start -1.85 0.95) (end 1.85 0.95) (layer B.CrtYd) (width 0.05))
    (fp_line (start -1.85 -0.95) (end -1.85 0.95) (layer B.CrtYd) (width 0.05))
    (fp_line (start -0.261252 -0.71) (end 0.261252 -0.71) (layer B.SilkS) (width 0.12))
    (fp_line (start -0.261252 0.71) (end 0.261252 0.71) (layer B.SilkS) (width 0.12))
    (fp_line (start 1 -0.6) (end -1 -0.6) (layer B.Fab) (width 0.1))
    (fp_line (start 1 0.6) (end 1 -0.6) (layer B.Fab) (width 0.1))
    (fp_line (start -1 0.6) (end 1 0.6) (layer B.Fab) (width 0.1))
    (fp_line (start -1 -0.6) (end -1 0.6) (layer B.Fab) (width 0.1))
    (pad 2 smd roundrect (at 1.025 0) (size 1.15 1.4) (layers B.Cu B.Paste B.Mask) (roundrect_rratio 0.217391)
      (net 1 GND))
    (pad 1 smd roundrect (at -1.025 0) (size 1.15 1.4) (layers B.Cu B.Paste B.Mask) (roundrect_rratio 0.217391)
      (net 8 BOOT))
    (model ${KISYS3DMOD}/Resistor_SMD.3dshapes/R_0805_2012Metric.wrl
      (at (xyz 0 0 0))
      (scale (xyz 1 1 1))
      (rotate (xyz 0 0 0))
    )
  )

  (module Resistor_SMD:R_0805_2012Metric_Pad1.15x1.40mm_HandSolder (layer F.Cu) (tedit 5B36C52B) (tstamp 5CD0AD45)
    (at 154.94 80.518 270)
    (descr "Resistor SMD 0805 (2012 Metric), square (rectangular) end terminal, IPC_7351 nominal with elongated pad for handsoldering. (Body size source: https://docs.google.com/spreadsheets/d/1BsfQQcO9C6DZCsRaXUlFlo91Tg2WpOkGARC1WS5S8t0/edit?usp=sharing), generated with kicad-footprint-generator")
    (tags "resistor handsolder")
    (path /5CD5BF2C)
    (attr smd)
    (fp_text reference R3 (at 1.016 1.778 270) (layer F.SilkS)
      (effects (font (size 1 1) (thickness 0.15)))
    )
    (fp_text value 10k (at 0 1.65 270) (layer F.Fab)
      (effects (font (size 1 1) (thickness 0.15)))
    )
    (fp_line (start -1 0.6) (end -1 -0.6) (layer F.Fab) (width 0.1))
    (fp_line (start -1 -0.6) (end 1 -0.6) (layer F.Fab) (width 0.1))
    (fp_line (start 1 -0.6) (end 1 0.6) (layer F.Fab) (width 0.1))
    (fp_line (start 1 0.6) (end -1 0.6) (layer F.Fab) (width 0.1))
    (fp_line (start -0.261252 -0.71) (end 0.261252 -0.71) (layer F.SilkS) (width 0.12))
    (fp_line (start -0.261252 0.71) (end 0.261252 0.71) (layer F.SilkS) (width 0.12))
    (fp_line (start -1.85 0.95) (end -1.85 -0.95) (layer F.CrtYd) (width 0.05))
    (fp_line (start -1.85 -0.95) (end 1.85 -0.95) (layer F.CrtYd) (width 0.05))
    (fp_line (start 1.85 -0.95) (end 1.85 0.95) (layer F.CrtYd) (width 0.05))
    (fp_line (start 1.85 0.95) (end -1.85 0.95) (layer F.CrtYd) (width 0.05))
    (fp_text user %R (at 0 0 270) (layer F.Fab)
      (effects (font (size 0.5 0.5) (thickness 0.08)))
    )
    (pad 1 smd roundrect (at -1.025 0 270) (size 1.15 1.4) (layers F.Cu F.Paste F.Mask) (roundrect_rratio 0.217391)
      (net 9 +5V))
    (pad 2 smd roundrect (at 1.025 0 270) (size 1.15 1.4) (layers F.Cu F.Paste F.Mask) (roundrect_rratio 0.217391)
      (net 10 "Net-(R3-Pad2)"))
    (model ${KISYS3DMOD}/Resistor_SMD.3dshapes/R_0805_2012Metric.wrl
      (at (xyz 0 0 0))
      (scale (xyz 1 1 1))
      (rotate (xyz 0 0 0))
    )
  )

  (module Resistor_SMD:R_0805_2012Metric_Pad1.15x1.40mm_HandSolder (layer F.Cu) (tedit 5B36C52B) (tstamp 5CCFCC06)
    (at 159.131 80.518 90)
    (descr "Resistor SMD 0805 (2012 Metric), square (rectangular) end terminal, IPC_7351 nominal with elongated pad for handsoldering. (Body size source: https://docs.google.com/spreadsheets/d/1BsfQQcO9C6DZCsRaXUlFlo91Tg2WpOkGARC1WS5S8t0/edit?usp=sharing), generated with kicad-footprint-generator")
    (tags "resistor handsolder")
    (path /5CD5C3CC)
    (attr smd)
    (fp_text reference R4 (at -1.016 -1.651 90) (layer F.SilkS)
      (effects (font (size 1 1) (thickness 0.15)))
    )
    (fp_text value 10k (at 0 1.65 -90) (layer F.Fab)
      (effects (font (size 1 1) (thickness 0.15)))
    )
    (fp_text user %R (at 0 0 -90) (layer F.Fab)
      (effects (font (size 0.5 0.5) (thickness 0.08)))
    )
    (fp_line (start 1.85 0.95) (end -1.85 0.95) (layer F.CrtYd) (width 0.05))
    (fp_line (start 1.85 -0.95) (end 1.85 0.95) (layer F.CrtYd) (width 0.05))
    (fp_line (start -1.85 -0.95) (end 1.85 -0.95) (layer F.CrtYd) (width 0.05))
    (fp_line (start -1.85 0.95) (end -1.85 -0.95) (layer F.CrtYd) (width 0.05))
    (fp_line (start -0.261252 0.71) (end 0.261252 0.71) (layer F.SilkS) (width 0.12))
    (fp_line (start -0.261252 -0.71) (end 0.261252 -0.71) (layer F.SilkS) (width 0.12))
    (fp_line (start 1 0.6) (end -1 0.6) (layer F.Fab) (width 0.1))
    (fp_line (start 1 -0.6) (end 1 0.6) (layer F.Fab) (width 0.1))
    (fp_line (start -1 -0.6) (end 1 -0.6) (layer F.Fab) (width 0.1))
    (fp_line (start -1 0.6) (end -1 -0.6) (layer F.Fab) (width 0.1))
    (pad 2 smd roundrect (at 1.025 0 90) (size 1.15 1.4) (layers F.Cu F.Paste F.Mask) (roundrect_rratio 0.217391)
      (net 1 GND))
    (pad 1 smd roundrect (at -1.025 0 90) (size 1.15 1.4) (layers F.Cu F.Paste F.Mask) (roundrect_rratio 0.217391)
      (net 10 "Net-(R3-Pad2)"))
    (model ${KISYS3DMOD}/Resistor_SMD.3dshapes/R_0805_2012Metric.wrl
      (at (xyz 0 0 0))
      (scale (xyz 1 1 1))
      (rotate (xyz 0 0 0))
    )
  )

  (module Package_TO_SOT_SMD:SOT-223-3_TabPin2 (layer B.Cu) (tedit 5A02FF57) (tstamp 5CD0C89C)
    (at 144.018 65.151 180)
    (descr "module CMS SOT223 4 pins")
    (tags "CMS SOT")
    (path /5CCE33CF)
    (attr smd)
    (fp_text reference U1 (at 3.429 2.921 180) (layer B.SilkS)
      (effects (font (size 1 1) (thickness 0.15)) (justify mirror))
    )
    (fp_text value AMS1117-3.3 (at 0 -4.5) (layer B.Fab)
      (effects (font (size 1 1) (thickness 0.15)) (justify mirror))
    )
    (fp_text user %R (at 0 0 270) (layer B.Fab)
      (effects (font (size 0.8 0.8) (thickness 0.12)) (justify mirror))
    )
    (fp_line (start 1.91 -3.41) (end 1.91 -2.15) (layer B.SilkS) (width 0.12))
    (fp_line (start 1.91 3.41) (end 1.91 2.15) (layer B.SilkS) (width 0.12))
    (fp_line (start 4.4 3.6) (end -4.4 3.6) (layer B.CrtYd) (width 0.05))
    (fp_line (start 4.4 -3.6) (end 4.4 3.6) (layer B.CrtYd) (width 0.05))
    (fp_line (start -4.4 -3.6) (end 4.4 -3.6) (layer B.CrtYd) (width 0.05))
    (fp_line (start -4.4 3.6) (end -4.4 -3.6) (layer B.CrtYd) (width 0.05))
    (fp_line (start -1.85 2.35) (end -0.85 3.35) (layer B.Fab) (width 0.1))
    (fp_line (start -1.85 2.35) (end -1.85 -3.35) (layer B.Fab) (width 0.1))
    (fp_line (start -1.85 -3.41) (end 1.91 -3.41) (layer B.SilkS) (width 0.12))
    (fp_line (start -0.85 3.35) (end 1.85 3.35) (layer B.Fab) (width 0.1))
    (fp_line (start -4.1 3.41) (end 1.91 3.41) (layer B.SilkS) (width 0.12))
    (fp_line (start -1.85 -3.35) (end 1.85 -3.35) (layer B.Fab) (width 0.1))
    (fp_line (start 1.85 3.35) (end 1.85 -3.35) (layer B.Fab) (width 0.1))
    (pad 2 smd rect (at 3.15 0 180) (size 2 3.8) (layers B.Cu B.Paste B.Mask)
      (net 3 +3V3))
    (pad 2 smd rect (at -3.15 0 180) (size 2 1.5) (layers B.Cu B.Paste B.Mask)
      (net 3 +3V3))
    (pad 3 smd rect (at -3.15 -2.3 180) (size 2 1.5) (layers B.Cu B.Paste B.Mask)
      (net 9 +5V))
    (pad 1 smd rect (at -3.15 2.3 180) (size 2 1.5) (layers B.Cu B.Paste B.Mask)
      (net 1 GND))
    (model ${KISYS3DMOD}/Package_TO_SOT_SMD.3dshapes/SOT-223.wrl
      (at (xyz 0 0 0))
      (scale (xyz 1 1 1))
      (rotate (xyz 0 0 0))
    )
  )

  (module Package_DFN_QFN:QFN-32-1EP_5x5mm_P0.5mm_EP3.45x3.45mm (layer B.Cu) (tedit 5B4E85CE) (tstamp 5CD0A35C)
    (at 143.129 75.057 90)
    (descr "QFN, 32 Pin (http://www.analog.com/media/en/package-pcb-resources/package/pkg_pdf/ltc-legacy-qfn/QFN_32_05-08-1693.pdf), generated with kicad-footprint-generator ipc_dfn_qfn_generator.py")
    (tags "QFN DFN_QFN")
    (path /5CCDE5F5)
    (attr smd)
    (fp_text reference U2 (at -0.127 -4.318 180) (layer B.SilkS)
      (effects (font (size 1 1) (thickness 0.15)) (justify mirror))
    )
    (fp_text value STM32F031K6Ux (at 0 -3.82 90) (layer B.Fab)
      (effects (font (size 1 1) (thickness 0.15)) (justify mirror))
    )
    (fp_line (start 2.135 2.61) (end 2.61 2.61) (layer B.SilkS) (width 0.12))
    (fp_line (start 2.61 2.61) (end 2.61 2.135) (layer B.SilkS) (width 0.12))
    (fp_line (start -2.135 -2.61) (end -2.61 -2.61) (layer B.SilkS) (width 0.12))
    (fp_line (start -2.61 -2.61) (end -2.61 -2.135) (layer B.SilkS) (width 0.12))
    (fp_line (start 2.135 -2.61) (end 2.61 -2.61) (layer B.SilkS) (width 0.12))
    (fp_line (start 2.61 -2.61) (end 2.61 -2.135) (layer B.SilkS) (width 0.12))
    (fp_line (start -2.135 2.61) (end -2.61 2.61) (layer B.SilkS) (width 0.12))
    (fp_line (start -1.5 2.5) (end 2.5 2.5) (layer B.Fab) (width 0.1))
    (fp_line (start 2.5 2.5) (end 2.5 -2.5) (layer B.Fab) (width 0.1))
    (fp_line (start 2.5 -2.5) (end -2.5 -2.5) (layer B.Fab) (width 0.1))
    (fp_line (start -2.5 -2.5) (end -2.5 1.5) (layer B.Fab) (width 0.1))
    (fp_line (start -2.5 1.5) (end -1.5 2.5) (layer B.Fab) (width 0.1))
    (fp_line (start -3.12 3.12) (end -3.12 -3.12) (layer B.CrtYd) (width 0.05))
    (fp_line (start -3.12 -3.12) (end 3.12 -3.12) (layer B.CrtYd) (width 0.05))
    (fp_line (start 3.12 -3.12) (end 3.12 3.12) (layer B.CrtYd) (width 0.05))
    (fp_line (start 3.12 3.12) (end -3.12 3.12) (layer B.CrtYd) (width 0.05))
    (fp_text user %R (at 0 0 90) (layer B.Fab)
      (effects (font (size 1 1) (thickness 0.15)) (justify mirror))
    )
    (pad 33 smd roundrect (at 0 0 90) (size 3.45 3.45) (layers B.Cu B.Mask) (roundrect_rratio 0.072464)
      (net 1 GND))
    (pad "" smd roundrect (at -1.15 1.15 90) (size 0.93 0.93) (layers B.Paste) (roundrect_rratio 0.25))
    (pad "" smd roundrect (at -1.15 0 90) (size 0.93 0.93) (layers B.Paste) (roundrect_rratio 0.25))
    (pad "" smd roundrect (at -1.15 -1.15 90) (size 0.93 0.93) (layers B.Paste) (roundrect_rratio 0.25))
    (pad "" smd roundrect (at 0 1.15 90) (size 0.93 0.93) (layers B.Paste) (roundrect_rratio 0.25))
    (pad "" smd roundrect (at 0 0 90) (size 0.93 0.93) (layers B.Paste) (roundrect_rratio 0.25))
    (pad "" smd roundrect (at 0 -1.15 90) (size 0.93 0.93) (layers B.Paste) (roundrect_rratio 0.25))
    (pad "" smd roundrect (at 1.15 1.15 90) (size 0.93 0.93) (layers B.Paste) (roundrect_rratio 0.25))
    (pad "" smd roundrect (at 1.15 0 90) (size 0.93 0.93) (layers B.Paste) (roundrect_rratio 0.25))
    (pad "" smd roundrect (at 1.15 -1.15 90) (size 0.93 0.93) (layers B.Paste) (roundrect_rratio 0.25))
    (pad 1 smd roundrect (at -2.4375 1.75 90) (size 0.875 0.25) (layers B.Cu B.Paste B.Mask) (roundrect_rratio 0.25)
      (net 3 +3V3))
    (pad 2 smd roundrect (at -2.4375 1.25 90) (size 0.875 0.25) (layers B.Cu B.Paste B.Mask) (roundrect_rratio 0.25)
      (net 39 OSC_P))
    (pad 3 smd roundrect (at -2.4375 0.75 90) (size 0.875 0.25) (layers B.Cu B.Paste B.Mask) (roundrect_rratio 0.25)
      (net 40 OSC_N))
    (pad 4 smd roundrect (at -2.4375 0.25 90) (size 0.875 0.25) (layers B.Cu B.Paste B.Mask) (roundrect_rratio 0.25)
      (net 7 NRES))
    (pad 5 smd roundrect (at -2.4375 -0.25 90) (size 0.875 0.25) (layers B.Cu B.Paste B.Mask) (roundrect_rratio 0.25)
      (net 3 +3V3))
    (pad 6 smd roundrect (at -2.4375 -0.75 90) (size 0.875 0.25) (layers B.Cu B.Paste B.Mask) (roundrect_rratio 0.25)
      (net 10 "Net-(R3-Pad2)"))
    (pad 7 smd roundrect (at -2.4375 -1.25 90) (size 0.875 0.25) (layers B.Cu B.Paste B.Mask) (roundrect_rratio 0.25)
      (net 11 "Net-(U2-Pad7)"))
    (pad 8 smd roundrect (at -2.4375 -1.75 90) (size 0.875 0.25) (layers B.Cu B.Paste B.Mask) (roundrect_rratio 0.25)
      (net 12 "Net-(U2-Pad8)"))
    (pad 9 smd roundrect (at -1.75 -2.4375 90) (size 0.25 0.875) (layers B.Cu B.Paste B.Mask) (roundrect_rratio 0.25)
      (net 13 "Net-(U2-Pad9)"))
    (pad 10 smd roundrect (at -1.25 -2.4375 90) (size 0.25 0.875) (layers B.Cu B.Paste B.Mask) (roundrect_rratio 0.25)
      (net 14 "Net-(U2-Pad10)"))
    (pad 11 smd roundrect (at -0.75 -2.4375 90) (size 0.25 0.875) (layers B.Cu B.Paste B.Mask) (roundrect_rratio 0.25)
      (net 15 "Net-(U2-Pad11)"))
    (pad 12 smd roundrect (at -0.25 -2.4375 90) (size 0.25 0.875) (layers B.Cu B.Paste B.Mask) (roundrect_rratio 0.25)
      (net 16 "Net-(U2-Pad12)"))
    (pad 13 smd roundrect (at 0.25 -2.4375 90) (size 0.25 0.875) (layers B.Cu B.Paste B.Mask) (roundrect_rratio 0.25)
      (net 17 "Net-(U2-Pad13)"))
    (pad 14 smd roundrect (at 0.75 -2.4375 90) (size 0.25 0.875) (layers B.Cu B.Paste B.Mask) (roundrect_rratio 0.25)
      (net 18 "Net-(U2-Pad14)"))
    (pad 15 smd roundrect (at 1.25 -2.4375 90) (size 0.25 0.875) (layers B.Cu B.Paste B.Mask) (roundrect_rratio 0.25)
      (net 19 "Net-(U2-Pad15)"))
    (pad 16 smd roundrect (at 1.75 -2.4375 90) (size 0.25 0.875) (layers B.Cu B.Paste B.Mask) (roundrect_rratio 0.25)
      (net 20 "Net-(U2-Pad16)"))
    (pad 17 smd roundrect (at 2.4375 -1.75 90) (size 0.875 0.25) (layers B.Cu B.Paste B.Mask) (roundrect_rratio 0.25)
      (net 3 +3V3))
    (pad 18 smd roundrect (at 2.4375 -1.25 90) (size 0.875 0.25) (layers B.Cu B.Paste B.Mask) (roundrect_rratio 0.25)
      (net 21 /A0))
    (pad 19 smd roundrect (at 2.4375 -0.75 90) (size 0.875 0.25) (layers B.Cu B.Paste B.Mask) (roundrect_rratio 0.25)
      (net 22 /A1))
    (pad 20 smd roundrect (at 2.4375 -0.25 90) (size 0.875 0.25) (layers B.Cu B.Paste B.Mask) (roundrect_rratio 0.25)
      (net 23 /A2))
    (pad 21 smd roundrect (at 2.4375 0.25 90) (size 0.875 0.25) (layers B.Cu B.Paste B.Mask) (roundrect_rratio 0.25)
      (net 24 /A3))
    (pad 22 smd roundrect (at 2.4375 0.75 90) (size 0.875 0.25) (layers B.Cu B.Paste B.Mask) (roundrect_rratio 0.25)
      (net 25 NRD))
    (pad 23 smd roundrect (at 2.4375 1.25 90) (size 0.875 0.25) (layers B.Cu B.Paste B.Mask) (roundrect_rratio 0.25)
      (net 26 NWR))
    (pad 24 smd roundrect (at 2.4375 1.75 90) (size 0.875 0.25) (layers B.Cu B.Paste B.Mask) (roundrect_rratio 0.25)
      (net 5 TX))
    (pad 25 smd roundrect (at 1.75 2.4375 90) (size 0.25 0.875) (layers B.Cu B.Paste B.Mask) (roundrect_rratio 0.25)
      (net 6 NCS))
    (pad 26 smd roundrect (at 1.25 2.4375 90) (size 0.25 0.875) (layers B.Cu B.Paste B.Mask) (roundrect_rratio 0.25)
      (net 27 "Net-(U2-Pad26)"))
    (pad 27 smd roundrect (at 0.75 2.4375 90) (size 0.25 0.875) (layers B.Cu B.Paste B.Mask) (roundrect_rratio 0.25)
      (net 28 /D0))
    (pad 28 smd roundrect (at 0.25 2.4375 90) (size 0.25 0.875) (layers B.Cu B.Paste B.Mask) (roundrect_rratio 0.25)
      (net 29 /D1))
    (pad 29 smd roundrect (at -0.25 2.4375 90) (size 0.25 0.875) (layers B.Cu B.Paste B.Mask) (roundrect_rratio 0.25)
      (net 30 /D2))
    (pad 30 smd roundrect (at -0.75 2.4375 90) (size 0.25 0.875) (layers B.Cu B.Paste B.Mask) (roundrect_rratio 0.25)
      (net 31 /D3))
    (pad 31 smd roundrect (at -1.25 2.4375 90) (size 0.25 0.875) (layers B.Cu B.Paste B.Mask) (roundrect_rratio 0.25)
      (net 8 BOOT))
    (pad 32 smd roundrect (at -1.75 2.4375 90) (size 0.25 0.875) (layers B.Cu B.Paste B.Mask) (roundrect_rratio 0.25)
      (net 32 "Net-(U2-Pad32)"))
    (model ${KISYS3DMOD}/Package_DFN_QFN.3dshapes/QFN-32-1EP_5x5mm_P0.5mm_EP3.45x3.45mm.wrl
      (at (xyz 0 0 0))
      (scale (xyz 1 1 1))
      (rotate (xyz 0 0 0))
    )
  )

